950
816 163
180 492
185 718
742 896
516 219
407 132
359 215
926 628
46 740
761 257
448 116
599 482
270 562
318 477
425 832
972 174
643 247
942 134
36 828
52 666
798 529
744 436
47 139
879 653
910 70
186 623
110 341
903 786
245 357
171 226
400 670
917 149
260 26
854 841
512 273
780 884
325 292
432 529
164 349
420 293
893 57
398 606
374 8
366 283
509 619
295 537
663 886
912 194
41 901
179 749
615 530
823 959
471 917
272 237
507 612
646 692
280 406
391 26
309 655
279 734
254 795
687 551
746 917
800 581
312 764
276 957
898 927
850 81
318 351
964 104
796 803
214 592
619 58
713 605
345 928
729 970
503 576
475 398
956 231
0 281
243 274
183 254
335 146
475 38
119 654
439 444
41 892
951 653
240 637
571 669
621 562
143 282
657 130
361 619
900 618
892 339
593 125
248 58
96 928
564 723
149 216
113 8
638 168
805 46
693 879
423 358
617 319
426 567
168 279
898 765
109 50
175 772
830 679
589 400
106 904
102 159
144 232
377 192
239 760
621 188
523 932
233 49
593 146
402 660
430 761
811 305
60 516
200 963
346 890
776 789
925 452
661 878
53 52
812 44
209 292
206 415
464 732
855 439
81 63
801 263
545 511
9 618
563 605
501 209
976 909
343 259
143 883
935 10
31 196
465 729
149 240
972 671
92 591
631 810
78 174
662 437
37 623
234 649
835 601
492 712
971 816
682 813
800 96
269 599
334 831
76 734
387 460
33 30
840 457
608 664
84 895
524 252
901 121
699 735
452 742
540 197
15 405
479 227
827 815
628 748
465 143
580 704
711 829
291 614
260 557
434 899
134 344
466 958
675 40
782 170
344 109
515 328
532 336
133 994
724 341
484 761
447 194
6 47
661 164
698 297
179 898
248 137
78 313
353 691
838 753
863 118
423 188
524 360
336 932
279 658
401 65
237 763
810 849
18 243
517 453
357 693
830 696
986 582
278 885
644 322
440 121
286 489
849 840
777 788
428 190
232 61
802 829
683 469
712 594
53 678
376 235
908 387
946 189
79 900
227 229
327 700
194 644
489 614
384 25
215 248
310 812
646 448
894 94
688 312
990 612
824 718
110 349
515 737
619 61
267 571
277 846
472 595
191 448
474 961
215 575
392 666
119 502
596 20
332 19
608 289
13 305
631 437
156 100
139 151
722 776
604 383
955 976
430 82
25 151
703 881
552 217
696 77
75 649
645 297
564 407
689 235
649 554
631 325
453 805
563 747
136 158
139 150
232 96
225 546
432 234
429 905
983 962
593 130
428 63
447 243
478 969
528 142
444 132
914 141
889 875
38 483
633 30
103 154
701 842
58 328
239 115
59 487
618 204
244 652
872 28
2 691
810 332
441 507
625 237
117 361
821 519
526 132
286 436
260 607
935 964
85 318
806 156
337 121
774 406
434 581
255 628
961 413
897 70
284 407
745 527
29 401
533 571
984 532
144 797
766 249
545 62
195 851
950 333
739 533
96 729
339 155
545 351
399 305
713 424
928 683
67 440
17 957
495 577
379 978
233 616
678 151
979 778
93 874
412 934
645 832
964 508
837 985
272 514
915 241
901 962
408 848
788 968
551 425
408 265
881 907
40 618
378 565
444 25
936 471
285 833
323 564
531 254
745 165
383 803
771 665
519 290
240 184
586 312
577 768
681 971
595 440
10 721
723 950
427 431
246 642
211 689
944 570
712 742
550 694
342 78
345 303
487 838
155 585
359 78
32 709
154 22
720 627
559 142
573 449
96 963
658 820
372 284
8 607
283 66
144 558
862 602
445 489
57 331
387 600
291 416
438 419
28 446
588 163
589 587
556 143
940 662
923 219
803 294
361 931
495 68
671 482
949 339
670 121
699 11
404 39
458 990
418 819
959 486
79 983
132 531
198 612
831 77
372 127
40 616
684 710
174 535
851 360
482 128
116 504
543 186
158 520
321 7
470 577
565 286
817 549
166 697
752 992
101 974
595 106
793 142
654 285
622 967
101 488
992 109
272 194
692 517
501 431
985 18
281 972
526 555
235 80
78 670
626 964
75 156
275 227
489 868
840 930
400 116
203 918
118 397
891 452
860 810
805 398
375 850
388 92
172 878
530 623
592 227
361 162
366 644
494 636
548 855
948 339
240 948
327 133
586 335
127 224
622 451
284 932
6 2
857 672
300 156
383 393
555 869
495 721
363 921
758 989
333 888
842 688
822 550
885 174
375 390
818 17
927 2
976 107
779 933
94 839
214 61
907 455
181 769
672 407
401 521
415 412
82 712
267 239
413 904
276 135
129 766
768 100
207 61
972 727
548 964
30 71
526 762
536 915
327 685
211 190
602 729
423 626
842 661
571 690
802 238
9 824
924 932
970 754
486 114
83 947
1 39
801 90
10 504
194 319
509 315
26 406
14 93
755 449
121 857
100 308
114 924
838 86
840 44
135 813
743 332
348 218
285 744
253 155
451 273
588 425
831 938
13 591
45 822
661 745
35 166
95 738
824 150
194 910
729 647
979 329
524 454
203 309
441 786
64 433
858 893
836 629
225 671
476 826
577 247
414 142
858 612
762 486
402 664
316 933
267 113
567 277
587 768
560 747
162 33
903 601
213 26
674 721
553 415
663 155
275 135
724 59
545 138
779 492
430 924
42 101
355 675
448 586
315 919
953 13
592 478
481 838
565 805
225 160
316 123
235 888
947 591
706 959
433 475
404 490
568 864
521 424
987 924
825 969
960 308
763 783
604 557
344 249
386 174
274 569
440 702
275 486
450 369
821 981
454 861
707 208
632 27
928 233
207 624
909 759
524 149
683 654
903 133
284 32
579 295
974 558
49 24
370 255
218 477
320 174
382 672
677 32
265 19
620 610
351 449
599 512
171 853
986 287
320 57
329 253
788 876
877 308
540 815
297 252
426 759
436 594
626 808
804 118
706 891
322 407
919 62
915 921
191 95
129 884
142 488
369 458
767 907
727 251
480 289
53 6
600 884
697 490
585 231
104 484
891 296
336 427
330 815
887 233
99 521
986 22
457 218
131 360
588 229
496 858
865 74
958 549
21 470
679 637
103 607
880 783
192 994
791 198
432 523
26 684
683 531
750 18
355 145
352 881
744 921
0 848
402 591
67 935
554 401
13 746
511 658
657 870
74 681
209 454
120 506
19 212
207 803
925 769
632 540
466 282
135 359
950 443
383 515
916 22
745 937
600 906
781 239
920 263
694 832
320 111
323 814
599 340
91 508
53 529
789 701
65 496
939 924
421 20
20 327
246 319
207 742
981 824
69 966
803 906
22 763
559 129
446 323
808 163
669 537
243 838
339 463
370 285
306 283
587 768
93 303
50 810
639 300
271 37
920 708
453 57
186 943
248 17
157 632
151 61
899 827
295 372
657 243
503 642
416 940
248 72
859 509
786 276
313 504
194 40
97 238
163 648
665 260
869 411
472 800
632 25
374 353
573 904
529 14
954 81
130 945
436 185
461 990
476 227
244 774
989 647
300 341
578 135
546 943
748 452
455 1
331 362
248 829
843 905
986 777
727 780
965 99
71 145
350 408
164 524
176 594
913 158
293 477
402 496
949 817
795 132
494 409
220 131
41 719
502 69
826 10
86 211
357 773
186 157
681 707
283 350
485 834
293 201
698 779
578 695
827 652
66 355
486 303
5 286
332 505
492 484
695 140
913 578
735 34
718 104
454 398
214 7
208 940
701 508
208 906
540 261
616 18
298 583
847 84
589 280
764 184
302 86
641 442
476 220
302 358
756 177
184 733
655 971
461 369
258 361
599 646
664 798
387 197
282 940
225 239
400 848
912 967
414 679
900 558
917 867
49 184
917 655
608 210
580 578
916 74
721 815
595 498
695 367
289 982
203 977
831 515
487 581
242 725
288 878
750 124
308 187
843 800
15 231
786 433
508 572
392 707
210 211
578 988
952 883
865 868
365 138
696 678
408 829
712 938
68 674
861 467
249 353
584 686
125 242
814 352
42 610
821 189
159 229
117 381
231 93
231 983
643 573
407 904
825 34
685 101
546 870
228 528
220 795
42 790
147 322
932 834
28 189
419 735
98 187
280 536
501 330
903 489
375 127
161 293
394 205
80 823
356 917
718 309
81 553
875 737
576 228
418 789
506 581
768 814
355 605
935 31
497 834
961 820
118 872
60 104
927 490
412 117
426 288
842 112
827 484
713 699
494 408
990 113
927 5
587 740
748 264
103 527
330 250
105 46
150 448
915 165
282 59
348 310
399 686
175 172
848 231
