56472059
32348274
48742686
88871273
38206028
49245111
50903407
74568580
97094010
7958733
18109178
40714290
22210686
35783474
2845414
8387241
46918406
81206320
59801957
44489913
7309079
50621211
64187123
5114927
32697757
68811671
82737994
17949362
10343905
99032592
68550186
66815964
31380867
69809224
55687237
22103247
71570687
59106996
49188179
68664698
67065729
19813709
61895340
41792767
8113536
64740754
50180008
55031942
45947075
9981965
52038207
53256154
13119529
16225330
10887433
45817286
37553353
93625427
16283000
47897258
92658019
37349539
67229575
76555238
7158763
75433164
51174837
31245803
34540161
363016
99910501
1605890
20176726
61805841
95915010
28290262
26546596
46095018
35838556
25010023
56076984
87876764
30782529
21712865
56618446
41669962
67530151
46688152
87811741
36329503
47101762
32986112
73679042
14331337
9541351
33354158
89764502
13232540
64599961
24304663
66111909
17026814
78426905
86288635
78832655
74341915
67095249
57895603
72953286
55450157
35421978
81546622
43326921
66204507
3259487
52461720
60390821
23305990
99149872
48202562
59635493
46251634
81188675
85830888
13099324
43246378
19185046
55380178
56478918
36301359
79684841
22590827
53328173
10628098
61395814
84677180
37486366
81007415
95089136
10439652
88973925
30511114
91986274
84817198
49231974
95245761
37278918
9622795
18551751
88945142
57825358
30703596
87713129
91530385
16534484
812453
34776763
35719530
56192631
43772033
24537241
88393824
18879213
77865414
51538274
32791379
15058947
89024640
66315147
10148083
99464292
55289072
40659197
91450566
40106270
89891171
39212679
29901541
99513967
10280782
18846683
9855677
40984379
59076164
1386062
57518863
12404969
88679177
45754746
21113952
32451210
22808339
9507776
3846775
673754
13562403
36638155
15732701
2587043
2953302
78397136
2051336
10758726
19056333
46018254
50864996
61463857
37747286
80766537
13494176
48028068
52129573
23349853
89012447
11205737
77252267
99047663
23610707
65931444
97318761
97241011
50899006
20127100
6748788
54745782
20800854
72827543
43900289
89049907
75414586
99369943
67447043
29982274
10128669
39019729
76000529
13510017
483586
13747815
46792907
13977762
14292235
98922480
37327615
3304683
62644569
67096234
2352346
38771628
33027678
99671107
36012640
36443036
72314559
95277780
43705170
93115414
68105323
87605459
34681673
43519909
39491754
54645069
26018536
2136775
93664798
2019065
15646793
46664736
68283232
14956052
60642498
82575467
13878532
50486465
38396502
29039453
17582699
93265200
67811082
3126729
45452659
56340074
39569765
17767219
51617854
83274936
63398985
72239529
23396747
98080658
15759438
62888502
5242079
41777974
17541629
98906877
96313391
85704774
98087965
17112975
660826
58730463
52204795
14539358
61733280
90601297
96095164
31832331
83866498
63906246
87475412
29319157
20246320
27045178
99602728
24380526
62836466
63001713
96620055
86233213
13598724
64895845
1638067
18840803
59190172
19179697
70264033
55503563
4884471
68351998
25132891
5545298
79598814
77337686
72601008
41332094
20455335
68696172
25680778
56838185
85118770
13156190
38673695
5365090
92717720
38276423
82261968
55554186
1278137
78882023
41787400
14876861
43777869
95941819
86234016
2968041
15121516
56498049
10987956
72522340
24850048
88637199
78067638
4448862
18491237
3184998
98297308
38946573
71881171
23978086
95784758
9516293
89650629
34458453
67397736
82368349
25251229
49659704
90438888
26529366
28541728
32226288
93922579
24835949
80684459
80156595
27803990
95805976
89170997
91308298
20844668
14021045
79945498
98912306
70986259
98436735
54613656
69283567
89899660
79011179
45778006
85684419
88527473
87944987
72659224
55925209
70313336
97910453
5584913
60752224
76956171
86642993
45494864
23395102
11478942
26179324
56068050
91799284
74501652
45239047
83107583
95346320
59260092
15569433
46774978
30246351
66522520
53904986
52046270
56422181
32916166
50340628
94622952
21443639
38285615
67282176
29885200
61115304
17708982
87986465
21867528
47181505
74629459
19878745
70576608
86108401
98574421
26644658
30424038
73076073
71883705
13531621
20938745
83660149
81617406
20230075
66422852
48139926
74135061
18469122
4562107
7051227
21326103
99185059
81011218
59611718
18983588
10896418
20727022
89208922
51399236
95110903
36390427
26028695
14989648
6967035
64653448
66080421
33611693
95077486
91672846
58011750
61125459
12611591
41671899
42742865
32841666
60611103
43399144
59493079
31596578
477603
66544307
52922681
52179015
71877
12534399
71162603
63484648
33261422
60371525
14883884
80888677
96761952
93428931
48394677
56245340
58082379
14475098
89857033
53159866
6147944
385136
66801677
71275887
94573387
9544543
56633905
55184491
5460039
16126984
86781069
5937642
35187643
39703750
58116657
35259521
4754501
29279260
51260521
90532275
42167137
66144405
71420952
91445442
59573336
19815629
47690782
70172067
34290727
90064167
75848285
92955023
90449303
42649963
64230910
37539043
4710858
20864815
92723534
10170897
36991800
32020955
16108539
72179443
71724705
26741549
59955316
28995558
8537161
11215837
19527834
3220651
29876594
43465138
94666093
41966282
15797120
42356875
12138350
2604199
84937394
87986635
95559223
27903050
83152950
59790133
65442093
87863808
33171301
58165627
50551057
70163101
90186582
19175949
94858896
14427639
45917498
7330565
95939549
6971011
71062754
67983735
10191662
939349
11448874
4857755
95421983
79762346
99730982
7560333
82366545
84668377
48063321
77925768
65087779
83732623
90232254
30529872
71596432
23403555
41211851
74663841
46083008
83914785
93839790
93458256
98342424
92273640
788821
46798325
99244652
71851576
14782061
9436314
25307277
78747287
14294070
73245612
58509633
14025052
33322298
40876178
51209781
81385619
71318299
16297560
65118242
61550553
99343784
89231026
37470460
40555635
63894868
83553468
24470420
10251010
77011724
75329196
2524651
30316898
22127522
1769303
54684826
89425935
11205617
32508455
68173222
25499687
5754067
26682855
92041092
39076365
20075385
95767225
20461984
91393684
64581138
38096579
5460589
63924922
79843957
42931049
4480558
43738825
79000869
28950978
6506188
8528946
4280175
9030839
38845844
78924049
10800142
46047022
68349984
22005759
78555477
36523206
21799
84309544
15722413
44579243
23385910
88314150
40346468
96364246
32224187
4927606
86977177
37684776
21368881
66821135
33132178
25849439
63076312
64649399
7316769
69582500
73178345
64113296
78613339
64540541
43037345
41929833
10587563
63903681
16451945
89143040
52943239
16473744
73452585
68665652
13569339
49354847
9496155
53915807
45719093
41720342
11359766
85212623
31921470
32728647
52033758
65053648
11094438
67626422
29703048
18411207
89725275
55397745
82524504
20854966
19938287
25561849
62784800
30525850
89465531
79236745
72185243
94925122
48226841
45637828
16107127
61796180
47509027
25603282
68228339
93228120
67323624
79588105
78440743
99245094
64833104
82990853
16815095
75927542
50617276
46518143
46855102
92858903
54432240
29379606
13713869
74370527
7457807
76498669
57412730
49439690
8251766
29597973
44364813
56478607
27752153
60471940
18274787
75261180
86075222
86503127
21005652
53398846
18607584
51962748
5160292
83440689
34953601
21975387
11884583
38087229
21009882
58739685
30946132
75442123
88119291
44660002
2329002
48093451
73675023
12258084
97533141
81926790
41856057
41897954
38405397
22124562
2369894
56680185
97385742
40961468
95699664
70907747
46876666
14307248
22870495
52036959
50264289
57824096
26528698
14665225
48427678
47538581
73404910
79373810
75497056
14040554
76550164
30342410
62134005
50225188
42600495
12183498
32151978
36972904
54081453
70557375
59097467
8967699
79753912
8999561
49929168
75453576
79907308
49322186
42277177
2777803
1359145
92541466
13118252
80404196
7206691
61545930
80459129
33127954
40919740
55956185
99684860
17469905
38814947
14335217
67695093
81415442
26518715
52363423
70904699
33116520
22920798
30002166
94600572
2674711
39001727
97046092
30644639
71425388
46368278
72921816
74203191
243776
17979635
87321443
80647972
77702678
1383725
61107101
63346984
42303466
69579638
63031844
12289723
8394585
29883413
32501168
42326380
8918481
84864591
13231079
42035001
7785389
95749597
36635573
62976452
87267676
33681665
46137444
58693064
32566296
71575612
85412608
32810072
89555247
25250403
13458044
19774278
26634129
27081497
83121262
21453947
49177487
98669459
33743670
57572072
81069224
66244838
52414804
89987705
51109429
18162235
32022707
11411170
13911832
21174632
74387623
1179509
7372650
73041419
12388925
39938946
44617031
97801533
72749018
86688631
75568289
38723414
6462909
2202418
65804911
42100523
23656365
67498750
93286334
57400035
25070822
74355559
76161225
30001979
16859616
27270654
48164214
1398675
38681824
62076047
22573308
65585799
15771908
29945958
38627218
28160833
22401256
35760602
78478719
47666626
22449233
54047008
86390040
28912142
8765778
4711303
23529017
32422143
72210053
16815352
42338530
49797227
43687263
18499755
79799206
60546879
98286761
80479773
61945555
