383
886
777
915
793
335
386
492
649
421
362
27
690
59
763
926
540
426
172
736
211
368
567
429
782
530
862
123
67
135
929
802
22
58
69
167
393
456
11
42
229
373
421
919
784
537
198
324
315
370
413
526
91
980
956
873
862
170
996
281
305
925
84
327
336
505
846
729
313
857
124
895
582
545
814
367
434
42
585990364
374344043
760313750
477171087
356426808
945117276
889947178
780695788
709393584
491705403
918502651
752392754
474612399
53999932
264095060
411549676
843993368
943947739
984210012
855636226
749698586
469348094
956297539
36140795
463480570
40651434
975960378
317097467
892066601
376710097
927612902
330573317
