31
25
32
24
30
22
30
21
26
12
13
18
29
16
32
21
17
23
27
26
9
31
20
26
28
11
20
17
24
12
24
26
11
18
21
31
22
24
14
21
26
27
19
27
23
32
30
22
26
20
20
16
23
31
34
23
22
26
30
27
10
18
26
21
18
18
23
21
14
27
14
30
25
14
30
22
17
22
15
16
23
24
23
27
37
29
12
14
27
24
32
20
32
29
30
4
19
36
25
33
25
20
17
24
33
19
17
14
21
22
21
24
20
16
22
18
27
34
22
26
21
26
17
17
27
20
20
27
18
35
22
33
36
20
28
33
19
27
18
22
21
21
17
31
17
13
22
26
29
27
15
23
33
12
21
13
22
22
23
22
30
36
27
28
28
19
24
10
19
32
14
20
33
31
24
24
15
26
31
27
15
18
21
30
22
23
16
17
35
30
20
19
18
29
28
27
20
6
27
28
29
12
21
26
15
25
21
21
15
25
19
29
34
30
32
36
16
29
25
15
30
36
33
20
27
24
18
27
20
36
28
21
19
30
18
24
27
22
28
23
20
27
33
25
31
27
16
18
10
13
24
12
20
20
31
10
16
31
28
26
21
18
29
21
20
19
18
29
14
17
14
14
17
28
29
19
29
17
19
20
20
24
23
30
25
17
31
33
38
31
30
21
21
32
25
23
24
23
23
9
13
27
23
21
28
24
21
28
32
22
29
24
18
15
26
17
14
10
21
33
23
14
27
25
18
13
28
31
18
24
31
22
23
25
14
22
12
17
32
34
20
25
10
30
21
18
18
16
29
20
22
23
24
21
11
32
16
12
36
15
26
21
19
20
27
22
34
30
22
19
36
13
25
27
25
29
27
23
17
19
33
29
24
12
22
34
17
19
17
24
15
25
26
14
8
16
28
5
18
31
32
26
25
30
35
22
21
25
27
28
17
15
12
21
26
34
26
23
26
26
10
21
33
36
27
32
16
9
17
23
11
32
31
18
15
28
30
26
26
21
27
15
17
19
17
15
16
25
20
31
23
19
24
38
37
15
13
7
23
13
13
15
25
24
24
21
17
18
19
25
10
17
11
27
19
28
32
24
24
24
18
11
26
24
29
25
30
33
24
34
18
17
21
25
23
17
18
20
24
18
18
17
18
18
15
26
9
20
13
25
33
22
25
13
18
18
21
20
24
25
17
25
14
28
12
17
17
29
20
23
27
28
29
16
19
27
24
18
28
26
23
24
11
29
19
29
20
11
12
34
16
37
30
20
19
22
19
17
41
38
31
23
29
23
30
21
12
17
28
12
14
24
18
26
25
27
27
27
19
29
23
17
21
26
28
21
19
27
11
24
20
32
20
21
17
12
22
21
19
22
14
25
18
21
32
26
21
30
15
29
23
20
27
24
17
26
17
17
18
28
32
18
21
23
20
11
16
23
22
8
26
18
14
27
20
8
15
23
29
21
24
24
21
15
20
28
23
27
36
30
18
31
20
21
25
39
32
32
34
26
12
23
16
25
30
18
15
17
13
25
18
26
21
29
32
23
28
28
31
26
20
31
20
32
23
9
24
18
12
31
27
15
17
14
22
18
32
28
26
25
25
24
16
18
16
10
13
16
19
25
14
21
19
25
16
25
14
22
24
26
33
22
24
30
19
18
30
22
27
36
28
14
14
25
23
20
35
17
26
18
25
23
30
6
30
18
30
35
29
27
23
26
21
28
27
20
18
21
14
25
28
15
22
34
22
26
17
11
24
16
27
20
10
21
26
13
20
20
28
21
18
23
19
29
15
17
22
14
27
27
22
29
32
15
26
34
12
32
17
17
19
18
19
20
19
26
23
20
19
22
23
18
19
13
19
24
21
31
28
22
29
21
23
14
16
29
20
29
42
20
8
16
27
27
18
10
16
23
20
24
9
24
23
17
19
23
22
31
26
23
25
19
35
11
25
16
21
25
25
26
27
13
14
7
22
33
26
28
19
18
15
17
34
19
35
24
33
29
19
22
34
16
21
14
26
17
28
19
25
33
27
41
18
21
30
32
18
37
22
26
26
18
17
22
18
22
19
13
33
29
25
21
26
29
24
23
17
24
24
22
29
31
28
29
16
10
32
24
20
27
21
17
8
27
31
16
22
23
21
18
14
18
20
11
27
25
26
26
20
12
